0 0.653564
0.015 0.499939
0.03 0.297272
0.045 0.172455
0.06 0.162933
0.075 0.0849915
0.09 0.0508118
0.105 0.0227966
0.12 0.0223083
0.135 0.00506592
0.15 0.0050354
0.165 0.0045166
0.18 0.00296021
0.195 0.00384521
0.21 0.0017395
0.225 0.00146484
0.24 0.00152588
0.255 0.00100708
0.27 0.000549316
0.285 0.000610352
0.3 0.000518799
0.315 0.000396729
0.33 0.000366211
0.345 0.000549316
0.36 0.000549316
0.375 0.000366211
0.39 0.000366211
0.405 0.000305176
0.42 0.000396729
0.435 0.000305176
0.45 0.000335693
0.465 0.000396729
0.48 0.000305176
0.495 0.000366211
0.51 0.000335693
0.525 0.000335693
0.54 0.000274658
0.555 0.000366211
0.57 0.000366211
0.585 0.000305176
0.6 0.000274658
0.615 0.000274658
0.63 0.000305176
0.645 0.000244141
0.66 0.000244141
0.675 0.000274658
0.69 0.000274658
0.705 0.000396729
0.72 0.000274658
0.735 0.000305176
0.75 0.000274658
0.765 0.000244141
0.779999 0.000305176
0.794999 0.000274658
0.809999 0.000274658
0.824999 0.000335693
0.839999 0.000305176
0.854999 0.000274658
0.869999 0.000274658
0.884999 0.000274658
0.899999 0.000305176
0.914999 0.000244141
0.929999 0.000305176
0.944999 0.000244141
0.959999 0.000274658
0.974999 0.000305176
0.989999 0.000305176
1.005 0.000305176
1.02 0.000274658
1.035 0.000274658
1.05 0.000305176
1.065 0.000305176
1.08 0.000274658
1.095 0.000213623
1.11 0.000274658
1.125 0.000305176
1.14 0.000274658
1.155 0.000244141
1.17 0.000305176
1.185 0.000244141
1.2 0.000244141
1.215 0.000213623
1.23 0.000244141
1.245 0.000183105
1.26 0.000213623
1.275 0.000183105
1.29 0.000244141
1.305 0.000183105
1.32 0.000213623
1.335 0.000183105
1.35 0.000213623
1.365 0.000183105
